0.9922370910644531
0.9461750984191895
0.9480681419372559
0.9376776218414307
0.9217708110809326
0.9197244644165039
0.9326038360595703
0.9286372661590576
0.9274892807006836
0.9415898323059082
0.9300918579101562
0.9392580986022949
0.926281213760376
0.9210605621337891
0.923424482345581
0.9273786544799805
0.9347283840179443
0.9643714427947998
0.9470424652099609
0.9217977523803711
0.9302916526794434
0.9317405223846436
0.9208431243896484
0.9182004928588867
0.9278168678283691
0.9402103424072266
0.9398717880249023
0.9151499271392822
0.9187695980072021
0.9322748184204102
0.9210412502288818
0.9294373989105225
0.9241421222686768
0.9230647087097168
0.927377462387085
0.9325170516967773
0.9192533493041992
0.9306132793426514
0.9253394603729248
0.9335837364196777
0.9346714019775391
0.931948184967041
0.9216210842132568
0.9412322044372559
0.9509527683258057
0.9396882057189941
0.9241373538970947
0.9418549537658691
0.9200079441070557
0.9622576236724854
0.9362847805023193
0.923917293548584
0.9214832782745361
0.9300427436828613
0.9301052093505859
0.93119215965271
0.9171085357666016
0.9324007034301758
0.9402453899383545
0.9346275329589844
0.925623893737793
0.9181978702545166
0.9316344261169434
0.955496072769165
0.9783554077148438
0.9220361709594727
0.9235658645629883
0.9250249862670898
0.927405595779419
0.933680534362793
0.9239983558654785
0.9293735027313232
0.929936408996582
0.9187705516815186
0.9315881729125977
0.9204769134521484
0.9413199424743652
0.951941728591919
0.9244873523712158
0.9391095638275146
0.9167797565460205
0.9423067569732666
0.9247429370880127
0.9268589019775391
0.9243764877319336
0.9349732398986816
0.9189846515655518
0.9221417903900146
0.9312045574188232
0.921332597732544
0.935807466506958
0.9222867488861084
0.9382476806640625
0.9343845844268799
0.9342837333679199
0.9366896152496338
0.9259793758392334
0.9368453025817871
0.9254233837127686
0.924069881439209
