0.3825223445892334
0.3836791515350342
0.3838932514190674
0.38463401794433594
0.38333821296691895
0.3836848735809326
0.3839685916900635
0.3756229877471924
0.38419222831726074
0.3758883476257324
0.3817770481109619
0.3762664794921875
0.375751256942749
0.3858907222747803
0.38173556327819824
0.38312268257141113
0.3826720714569092
0.3844316005706787
0.38421630859375
0.3837873935699463
0.3814976215362549
0.37569522857666016
0.38240742683410645
0.3813445568084717
0.38350486755371094
0.3838329315185547
0.38410353660583496
0.3821749687194824
0.38517069816589355
0.38396334648132324
0.3820149898529053
0.3810875415802002
0.38152337074279785
0.376173734664917
0.3833301067352295
0.3815591335296631
0.3823549747467041
0.3817620277404785
0.382382869720459
0.38371706008911133
0.3812217712402344
0.3863232135772705
0.38236045837402344
0.3825986385345459
0.37564754486083984
0.3817899227142334
0.37548232078552246
0.3829381465911865
0.38175344467163086
0.3755800724029541
0.3760361671447754
0.37569260597229004
0.3760106563568115
0.37573909759521484
0.38327884674072266
0.38349103927612305
0.37616682052612305
0.38207578659057617
0.3755197525024414
0.38170433044433594
0.3756864070892334
0.38448309898376465
0.3835623264312744
0.3840751647949219
0.3811326026916504
0.3832101821899414
0.38185667991638184
0.3755354881286621
0.37566399574279785
0.38304615020751953
0.375560998916626
0.384063720703125
0.3812582492828369
0.38224363327026367
0.3759427070617676
0.38442182540893555
0.37595534324645996
0.38187241554260254
0.3756256103515625
0.38342809677124023
0.3823418617248535
0.3848295211791992
0.38132286071777344
0.3824770450592041
0.3821702003479004
0.3760838508605957
0.3833334445953369
0.37578892707824707
0.3858942985534668
0.3814563751220703
0.3824949264526367
0.3843960762023926
0.384063720703125
0.3813190460205078
0.3827073574066162
0.38404226303100586
0.37645912170410156
0.3829457759857178
0.3816046714782715
0.38260769844055176
