0.9416909217834473
0.9668824672698975
0.8818027973175049
0.8972206115722656
0.8878829479217529
0.9095184803009033
0.9212210178375244
0.9289817810058594
0.8732330799102783
0.8716158866882324
0.8711247444152832
0.9065330028533936
0.9291129112243652
0.9152693748474121
0.9027550220489502
0.8718647956848145
0.9212236404418945
0.9199151992797852
0.9161629676818848
0.8882267475128174
0.9126079082489014
0.9059915542602539
0.928948163986206
0.9048867225646973
0.9348392486572266
0.9075524806976318
0.8796193599700928
0.9075512886047363
0.8910531997680664
0.9243316650390625
0.8899104595184326
0.8883700370788574
0.904888391494751
0.9046111106872559
0.896726131439209
0.902956485748291
0.9084901809692383
0.921811580657959
0.915623664855957
0.8850729465484619
0.8844747543334961
0.8883492946624756
0.9154844284057617
0.8835442066192627
0.9094696044921875
0.9188601970672607
0.9116971492767334
0.9233877658843994
0.934495210647583
0.9261672496795654
0.9009218215942383
0.9299643039703369
0.8822407722473145
0.8821258544921875
0.9099643230438232
0.932060718536377
0.9020655155181885
0.9195406436920166
0.9188168048858643
0.9056289196014404
0.9118673801422119
0.9206066131591797
0.8935534954071045
0.9040529727935791
0.945997953414917
0.9022777080535889
0.8833377361297607
0.914846658706665
0.909658670425415
0.9083132743835449
0.9050312042236328
0.8998174667358398
0.9025354385375977
0.8942487239837646
0.8925271034240723
0.9483072757720947
0.8885610103607178
0.9120814800262451
0.9258818626403809
0.9099276065826416
0.9167952537536621
0.8770961761474609
0.8888645172119141
0.8850224018096924
0.8994190692901611
0.9173922538757324
0.932410478591919
0.8797547817230225
0.9189043045043945
0.8849494457244873
0.8807637691497803
0.9215588569641113
0.9051768779754639
0.9240410327911377
0.8573646545410156
0.8862035274505615
0.8755099773406982
0.8894443511962891
0.9257426261901855
0.9182877540588379
