0.8973908424377441
0.8757009506225586
0.8740568161010742
0.8709657192230225
0.900834321975708
0.8736398220062256
0.8675580024719238
0.8877718448638916
0.8895807266235352
0.9282960891723633
0.8775064945220947
0.8925848007202148
0.9177265167236328
0.8813257217407227
0.9034547805786133
0.8611242771148682
0.894967794418335
0.8695583343505859
0.9132118225097656
0.9260425567626953
0.870941162109375
0.8977096080780029
0.8662796020507812
0.8978273868560791
0.9229567050933838
0.8590250015258789
0.9013144969940186
0.8776135444641113
0.8996086120605469
0.9238846302032471
0.9124226570129395
0.87746262550354
0.8871679306030273
0.8954155445098877
0.8952541351318359
0.9012308120727539
0.893988847732544
0.9065217971801758
0.904102087020874
0.9351339340209961
0.8788104057312012
0.8833754062652588
0.8716387748718262
0.9093704223632812
0.8918156623840332
0.8533122539520264
0.9077541828155518
0.8794703483581543
0.905930757522583
0.8712918758392334
0.9072370529174805
0.8959364891052246
0.8946025371551514
0.8984599113464355
0.9078147411346436
0.8630783557891846
0.9143795967102051
0.8700897693634033
0.8920471668243408
0.9058420658111572
0.9130117893218994
0.874826192855835
0.9274029731750488
0.8827357292175293
0.9111175537109375
0.8761107921600342
0.91019606590271
0.899832010269165
0.9016966819763184
0.8711380958557129
0.9121973514556885
0.8797085285186768
0.9079911708831787
0.8751411437988281
0.8767173290252686
0.9201459884643555
0.9440152645111084
0.8812613487243652
0.9119820594787598
0.8962109088897705
0.9138543605804443
0.8700675964355469
0.8795349597930908
0.9032368659973145
0.9067587852478027
0.8693878650665283
0.8662889003753662
0.903656005859375
0.8723528385162354
0.912651538848877
0.8862547874450684
0.8994367122650146
0.9024002552032471
0.9014718532562256
0.8911983966827393
0.8776156902313232
0.8924145698547363
0.8853669166564941
0.9039380550384521
0.8877947330474854
